-6.60258
-6.58735
-6.57211
-6.55688
-6.60258
-6.58735
-6.57211
-6.55688
-6.54164
-6.52641
-6.51117
-6.49594
-6.54164
-6.52641
-6.51117
-6.49594
-6.60263
-6.58739
-6.57216
-6.55692
-6.60263
-6.58739
-6.57216
-6.55692
-6.54169
-6.52645
-6.51122
-6.49598
-6.54169
-6.52645
-6.51122
-6.49598
-6.60268
-6.58744
-6.57221
-6.55697
-6.60268
-6.58744
-6.57221
-6.55697
-6.54174
-6.5265
-6.51126
-6.49603
-6.54174
-6.5265
-6.51126
-6.49603
-6.60272
-6.58749
-6.57225
-6.55702
-6.60272
-6.58749
-6.57225
-6.55702
-6.54178
-6.52655
-6.51131
-6.49608
-6.54178
-6.52655
-6.51131
-6.49608
