2.36104
2.35244
2.34367
2.33473
2.32562
2.31635
2.30693
2.29736
2.28764
2.27777
2.26778
2.25765
2.24739
2.23701
2.22651
2.21589
2.20517
2.19433
2.1834
2.17237
2.16124
2.15003
2.13872
2.12734
2.11588
2.10434
2.09273
2.08105
2.0693
2.0575
2.04564
2.03372
2.36102
2.35243
2.34365
2.33471
2.3256
2.31634
2.30691
2.29734
2.28762
2.27776
2.26776
2.25763
2.24737
2.23699
2.22649
2.21587
2.20514
2.19431
2.18338
2.17235
2.16122
2.15
2.1387
2.12732
2.11585
2.10431
2.0927
2.08102
2.06928
2.05748
2.04561
2.0337
2.36101
2.35241
2.34364
2.33469
2.32559
2.31632
2.30689
2.29732
2.2876
2.27774
2.26774
2.25761
2.24735
2.23697
2.22646
2.21585
2.20512
2.19429
2.18336
2.17233
2.1612
2.14998
2.13868
2.12729
2.11583
2.10429
2.09268
2.081
2.06926
2.05745
2.04559
2.03367
2.36099
2.35239
2.34362
2.33468
2.32557
2.3163
2.30688
2.2973
2.28758
2.27772
2.26772
2.25759
2.24733
2.23695
2.22644
2.21583
2.2051
2.19427
2.18334
2.1723
2.16118
2.14996
2.13866
2.12727
2.11581
2.10427
2.09266
2.08098
2.06923
2.05743
2.04557
2.03365
