-13.0765
-13.1106
-13.1447
-13.1788
-13.2129
-13.2471
-13.2812
-13.3153
-13.3494
-13.3835
-13.4177
-18.1212
-18.1554
-18.1895
-18.2236
-18.2577
-13.0595
-13.0936
-13.1277
-13.1618
-13.1959
-13.2301
-13.2642
-13.2983
-13.3324
-13.3665
-13.4007
-18.1042
-18.1383
-18.1725
-18.2066
-18.2407
-13.0424
-13.0766
-13.1107
-13.1448
-13.1789
-13.213
-13.2472
-13.2813
-13.3154
-13.3495
-13.3837
-18.0872
-18.1213
-18.1554
-18.1895
-18.2237
-13.0254
-13.0595
-13.0937
-13.1278
-13.1619
-13.196
-13.2302
-13.2643
-13.2984
-13.3325
-13.3667
-18.0701
-18.1043
-18.1384
-18.1725
-18.2066
