-11.5444
-11.5292
-11.5139
-11.4987
-11.4834
-11.4682
-11.453
-11.4377
-11.4225
-11.4073
-11.392
-11.3768
-11.3616
-11.3463
-11.3311
-11.3159
3.46402
-15.9436
-11.3984
-11.6133
3.44566
-15.8594
-11.3381
-11.5518
3.42731
-15.7752
-11.2778
-11.4902
3.40895
-15.691
-11.2175
-11.4287
15.2878
-5.69955
-11.2818
-11.7268
15.2071
-5.6695
-11.2221
-11.6647
15.1263
-5.63945
-11.1624
-11.6025
15.0455
-5.60939
-11.1027
-11.5404
13.0562
9.78487
-11.1641
-11.8392
12.9872
9.73314
-11.105
-11.7764
12.9183
9.68141
-11.0459
-11.7137
12.8494
9.62967
-10.9868
-11.6509
