0.940363
0.941391
0.942418
0.943446
0.944474
0.945501
0.946529
0.947557
0.948585
0.949612
0.95064
0.951668
0.952696
0.953723
0.954751
0.955779
0.956806
0.957834
0.958862
0.95989
0.960917
0.961945
0.962973
0.964001
0.965028
0.966056
0.967084
0.968111
0.969139
0.970167
0.971195
0.972222
0.97325
0.974278
0.975306
0.976333
0.977361
0.978389
0.979416
0.980444
0.981472
0.9825
0.983527
0.984555
0.985583
0.986611
0.987638
0.988666
0.989694
0.990721
0.991749
0.992777
0.993805
0.994832
0.99586
0.996888
0.997916
0.998943
0.999971
-0.999001
-0.997974
-0.996946
-0.995918
-0.99489
-0.993863
-0.992835
-0.991807
-0.990779
-0.989752
-0.988724
-0.987696
-0.986669
-0.985641
-0.984613
-0.983585
-0.982558
-0.98153
-0.980502
-0.979474
-0.978447
-0.977419
-0.976391
-0.975363
-0.974336
-0.973308
-0.97228
-0.971253
-0.970225
-0.969197
-0.968169
-0.967142
-0.966114
-0.965086
-0.964058
-0.963031
-0.962003
-0.960975
-0.959948
-0.95892
-0.957892
-0.956864
-0.955837
-0.954809
-0.953781
-0.952753
-0.951726
-0.950698
-0.94967
-0.948643
-0.947615
-0.946587
-0.945559
-0.944532
-0.943504
-0.942476
-0.941448
-0.940421
-0.939393
-0.938365
-0.937338
-0.93631
-0.935282
-0.934254
-0.933227
-0.932199
-0.931171
-0.930143
-0.929116
-0.928088
-0.92706
-0.926033
-0.925005
-0.923977
-0.922949
-0.921922
-0.920894
-0.919866
-0.918838
-0.917811
-0.916783
-0.915755
-0.914728
-0.9137
-0.912672
-0.911644
-0.910617
-0.909589
-0.908561
-0.907533
-0.906506
-0.905478
-0.90445
-0.903423
-0.902395
-0.901367
-0.900339
-0.899312
-0.898284
-0.897256
-0.896228
-0.895201
-0.894173
-0.893145
-0.892117
-0.89109
-0.890062
-0.889034
-0.888007
-0.886979
-0.885951
-0.884923
-0.883896
-0.882868
-0.88184
-0.880812
-0.879785
-0.878757
-0.877729
-0.876702
-0.875674
-0.874646
-0.873618
-0.872591
-0.871563
-0.870535
-0.869507
-0.86848
-0.867452
-0.866424
-0.865397
-0.864369
-0.863341
-0.862313
-0.861286
-0.860258
-0.85923
-0.858202
-0.857175
-0.856147
-0.855119
-0.854092
-0.853064
-0.852036
-0.851008
-0.849981
-0.848953
-0.847925
-0.846897
-0.84587
-0.844842
-0.843814
-0.842787
-0.841759
-0.840731
-0.839703
-0.838676
-0.837648
-0.83662
-0.835592
-0.834565
-0.833537
-0.832509
-0.831482
-0.830454
-0.829426
-0.828398
-0.827371
-0.826343
-0.825315
-0.824287
-0.82326
-0.822232
-0.821204
-0.820176
-0.819149
-0.818121
-0.817093
-0.816066
-0.815038
-0.81401
-0.812982
-0.811955
-0.810927
-0.809899
-0.808871
-0.807844
-0.806816
-0.805788
-0.804761
-0.803733
-0.802705
-0.801677
-0.80065
-0.799622
-0.798594
-0.797566
-0.796539
-0.795511
-0.794483
-0.793456
-0.792428
-0.7914
-0.790372
-0.789345
-0.788317
-0.787289
-0.786261
-0.785234
-0.784206
-0.783178
-0.782151
-0.781123
-0.780095
-0.779067
-0.77804
-0.777012
-0.775984
-0.774956
-0.773929
-0.772901
-0.771873
-0.770846
-0.769818
-0.76879
-0.767762
-0.766735
-0.765707
-0.764679
-0.763651
-0.762624
-0.761596
-0.760568
-0.759541
-0.758513
-0.757485
-0.756457
-0.75543
-0.754402
-0.753374
-0.752346
-0.751319
-0.750291
-0.749263
-0.748236
-0.747208
-0.74618
-0.745152
-0.744125
-0.743097
-0.742069
-0.741041
-0.740014
-0.738986
-0.737958
-0.73693
-0.735903
-0.734875
-0.733847
-0.73282
-0.731792
-0.730764
-0.729736
-0.728709
-0.727681
-0.726653
-0.725625
-0.724598
-0.72357
-0.722542
-0.721515
-0.720487
-0.719459
-0.718431
-0.717404
-0.716376
-0.715348
-0.71432
-0.713293
-0.712265
-0.711237
-0.71021
-0.709182
-0.708154
-0.707126
-0.706099
-0.705071
-0.704043
-0.703015
-0.701988
-0.70096
-0.699932
-0.698905
-0.697877
-0.696849
-0.695821
-0.694794
-0.693766
-0.692738
-0.69171
-0.690683
-0.689655
-0.688627
-0.6876
-0.686572
-0.685544
-0.684516
-0.683489
-0.682461
-0.681433
-0.680405
-0.679378
-0.67835
-0.677322
-0.676295
-0.675267
-0.674239
-0.673211
-0.672184
-0.671156
-0.670128
-0.6691
-0.668073
-0.667045
-0.666017
-0.66499
-0.663962
-0.662934
-0.661906
-0.660879
-0.659851
-0.658823
-0.657795
-0.656768
-0.65574
-0.654712
-0.653684
-0.652657
-0.651629
-0.650601
-0.649574
-0.648546
-0.647518
-0.64649
-0.645463
-0.644435
-0.643407
-0.642379
-0.641352
-0.640324
-0.639296
-0.638269
-0.637241
-0.636213
-0.635185
-0.634158
-0.63313
-0.632102
-0.631074
-0.630047
-0.629019
-0.627991
-0.626964
-0.625936
-0.624908
-0.62388
-0.622853
-0.621825
-0.620797
-0.619769
-0.618742
-0.617714
-0.616686
-0.615659
-0.614631
-0.613603
-0.612575
-0.611548
-0.61052
-0.609492
-0.608464
-0.607437
-0.606409
-0.605381
-0.604354
-0.603326
-0.602298
-0.60127
-0.600243
-0.599215
-0.598187
-0.597159
-0.596132
-0.595104
-0.594076
-0.593049
-0.592021
-0.590993
-0.589965
-0.588938
-0.58791
-0.586882
-0.585854
-0.584827
-0.583799
-0.582771
-0.581744
-0.580716
-0.579688
-0.57866
-0.577633
-0.576605
-0.575577
-0.574549
-0.573522
-0.572494
-0.571466
-0.570438
-0.569411
-0.568383
-0.567355
-0.566328
-0.5653
-0.564272
-0.563244
-0.562217
-0.561189
-0.560161
-0.559133
-0.558106
-0.557078
-0.55605
-0.555023
-0.553995
-0.552967
-0.551939
-0.550912
-0.549884
-0.548856
-0.547828
-0.546801
-0.545773
-0.544745
-0.543718
-0.54269
-0.541662
-0.540634
-0.539607
-0.538579
-0.537551
-0.536523
-0.535496
-0.534468
