-0.999989
-0.998961
-0.997933
-0.996905
-0.995878
-0.99485
-0.993822
-0.992794
-0.991767
-0.990739
-0.989711
-0.988683
-0.987656
-0.986628
-0.9856
-0.984573
-0.983545
-0.982517
-0.981489
-0.980462
-0.979434
-0.978406
-0.977378
-0.976351
-0.975323
-0.974295
-0.973268
-0.97224
-0.971212
-0.970184
-0.969157
-0.968129
-0.967101
-0.966073
-0.965046
-0.964018
-0.96299
-0.961963
-0.960935
-0.959907
-0.958879
-0.957852
-0.956824
-0.955796
-0.954768
-0.953741
-0.952713
-0.951685
-0.950658
-0.94963
-0.948602
-0.947574
-0.946547
-0.945519
-0.944491
-0.943463
-0.942436
-0.941408
-0.94038
-0.939353
-0.938325
-0.937297
-0.936269
-0.935242
