-0.112031
-0.111003
-0.109976
-0.108948
-0.10792
-0.106892
-0.105865
-0.104837
-0.103809
-0.102782
-0.101754
-0.100726
-0.0996984
-0.0986707
-0.0976429
-0.0966152
-0.0955875
-0.0945598
-0.093532
-0.0925043
-0.0914766
-0.0904488
-0.0894211
-0.0883934
-0.0873657
-0.0863379
-0.0853102
-0.0842825
-0.0832547
-0.082227
-0.0811993
-0.0801716
-0.0791438
-0.0781161
-0.0770884
-0.0760606
-0.0750329
-0.0740052
-0.0729775
-0.0719497
-0.070922
-0.0698943
-0.0688665
-0.0678388
-0.0668111
-0.0657834
-0.0647556
-0.0637279
-0.0627002
-0.0616724
-0.0606447
-0.059617
-0.0585893
-0.0575615
-0.0565338
-0.0555061
-0.0544783
-0.0534506
-0.0524229
-0.0513952
-0.0503674
-0.0493397
-0.048312
-0.0472842
-0.0462565
-0.0452288
-0.0442011
-0.0431733
-0.0421456
-0.0411179
-0.0400901
-0.0390624
-0.0380347
-0.037007
-0.0359792
-0.0349515
-0.0339238
-0.032896
-0.0318683
-0.0308406
-0.0298129
-0.0287851
-0.0277574
-0.0267297
-0.0257019
-0.0246742
-0.0236465
-0.0226188
-0.021591
-0.0205633
-0.0195356
-0.0185079
-0.0174801
-0.0164524
-0.0154247
-0.0143969
-0.0133692
-0.0123415
-0.0113138
-0.010286
-0.00925829
-0.00823057
-0.00720284
-0.00617511
-0.00514738
-0.00411965
-0.00309192
-0.0020642
-0.00103647
-8.73907e-06
0.00101899
0.00204672
0.00307445
0.00410217
0.0051299
0.00615763
0.00718536
0.00821309
0.00924082
0.0102685
0.0112963
0.012324
0.0133517
0.0143795
0.0154072
0.0164349
0.0174626
0.0184904
0.0195181
0.0205458
0.0215736
0.0226013
0.023629
0.0246567
0.0256845
0.0267122
0.0277399
0.0287677
0.0297954
0.0308231
0.0318508
0.0328786
0.0339063
0.034934
0.0359618
0.0369895
0.0380172
0.0390449
0.0400727
0.0411004
0.0421281
0.0431559
0.0441836
0.0452113
0.046239
0.0472668
0.0482945
0.0493222
0.05035
0.0513777
0.0524054
0.0534331
0.0544609
0.0554886
0.0565163
0.0575441
0.0585718
0.0595995
0.0606272
0.061655
0.0626827
0.0637104
0.0647382
0.0657659
0.0667936
0.0678213
0.0688491
0.0698768
0.0709045
0.0719323
0.07296
0.0739877
0.0750154
0.0760432
0.0770709
0.0780986
0.0791264
0.0801541
0.0811818
0.0822095
0.0832373
0.084265
0.0852927
0.0863204
0.0873482
0.0883759
0.0894036
0.0904314
0.0914591
0.0924868
0.0935145
0.0945423
0.09557
0.0965977
0.0976255
0.0986532
0.0996809
0.100709
0.101736
0.102764
0.103792
0.10482
0.105847
0.106875
0.107903
0.10893
0.109958
0.110986
0.112014
0.113041
0.114069
0.115097
0.116125
0.117152
0.11818
0.119208
0.120235
0.121263
0.122291
0.123319
0.124346
0.125374
0.126402
0.12743
0.128457
0.129485
0.130513
0.131541
0.132568
0.133596
0.134624
0.135651
0.136679
0.137707
0.138735
0.139762
0.14079
0.141818
0.142846
0.143873
0.144901
0.145929
0.146956
0.147984
0.149012
0.15004
0.151067
0.152095
0.153123
0.154151
0.155178
0.156206
0.157234
0.158261
0.159289
0.160317
0.161345
0.162372
0.1634
0.164428
0.165456
0.166483
0.167511
0.168539
0.169566
0.170594
0.171622
0.17265
0.173677
0.174705
0.175733
0.176761
0.177788
0.178816
0.179844
0.180871
0.181899
0.182927
0.183955
0.184982
0.18601
0.187038
0.188066
0.189093
0.190121
0.191149
0.192176
0.193204
0.194232
0.19526
0.196287
0.197315
0.198343
0.199371
0.200398
0.201426
0.202454
0.203481
0.204509
0.205537
0.206565
0.207592
0.20862
0.209648
0.210676
0.211703
0.212731
0.213759
0.214787
0.215814
0.216842
0.21787
0.218897
0.219925
0.220953
0.221981
0.223008
0.224036
0.225064
0.226092
0.227119
0.228147
0.229175
0.230202
0.23123
0.232258
0.233286
0.234313
0.235341
0.236369
0.237397
0.238424
0.239452
0.24048
0.241507
0.242535
0.243563
0.244591
0.245618
0.246646
0.247674
0.248702
0.249729
0.250757
0.251785
0.252812
0.25384
0.254868
0.255896
0.256923
0.257951
0.258979
0.260007
0.261034
0.262062
0.26309
0.264117
0.265145
0.266173
0.267201
0.268228
0.269256
0.270284
0.271312
0.272339
0.273367
0.274395
0.275422
0.27645
0.277478
0.278506
0.279533
0.280561
0.281589
0.282617
0.283644
0.284672
0.2857
0.286727
0.287755
0.288783
0.289811
0.290838
0.291866
0.292894
0.293922
0.294949
0.295977
0.297005
0.298033
0.29906
0.300088
0.301116
0.302143
0.303171
0.304199
0.305227
0.306254
0.307282
0.30831
0.309338
0.310365
0.311393
0.312421
0.313448
0.314476
0.315504
0.316532
0.317559
0.318587
0.319615
0.320643
0.32167
0.322698
0.323726
0.324753
0.325781
0.326809
0.327837
0.328864
0.329892
0.33092
0.331948
0.332975
0.334003
0.335031
0.336058
0.337086
0.338114
0.339142
0.340169
0.341197
0.342225
0.343253
0.34428
0.345308
0.346336
0.347363
0.348391
0.349419
0.350447
0.351474
0.352502
0.35353
0.354558
0.355585
0.356613
0.357641
0.358668
0.359696
0.360724
0.361752
0.362779
0.363807
0.364835
0.365863
0.36689
0.367918
0.368946
0.369973
0.371001
0.372029
0.373057
0.374084
0.375112
0.37614
0.377168
0.378195
0.379223
0.380251
0.381279
0.382306
0.383334
0.384362
0.385389
0.386417
0.387445
0.388473
0.3895
0.390528
0.391556
0.392584
0.393611
0.394639
0.395667
0.396694
0.397722
0.39875
0.399778
0.400805
0.401833
0.402861
0.403889
0.404916
0.405944
0.406972
0.407999
0.409027
0.410055
0.411083
0.41211
0.413138
