-0.638228
-0.6372
-0.636173
-0.635145
-0.634117
-0.633089
-0.632062
-0.631034
-0.630006
-0.628979
-0.627951
-0.626923
-0.625895
-0.624868
-0.62384
-0.622812
-0.621784
-0.620757
-0.619729
-0.618701
-0.617674
-0.616646
-0.615618
-0.61459
-0.613563
-0.612535
-0.611507
-0.610479
-0.609452
-0.608424
-0.607396
-0.606369
-0.605341
-0.604313
-0.603285
-0.602258
-0.60123
-0.600202
-0.599174
-0.598147
-0.597119
-0.596091
-0.595064
-0.594036
-0.593008
-0.59198
-0.590953
-0.589925
-0.588897
-0.587869
-0.586842
-0.585814
-0.584786
-0.583758
-0.582731
-0.581703
-0.580675
-0.579648
-0.57862
-0.577592
-0.576564
-0.575537
-0.574509
-0.573481
-0.572453
-0.571426
-0.570398
-0.56937
-0.568343
-0.567315
-0.566287
-0.565259
-0.564232
-0.563204
-0.562176
-0.561148
-0.560121
-0.559093
-0.558065
-0.557038
-0.55601
-0.554982
-0.553954
-0.552927
-0.551899
-0.550871
-0.549843
-0.548816
-0.547788
-0.54676
-0.545733
-0.544705
-0.543677
-0.542649
-0.541622
-0.540594
-0.539566
-0.538538
-0.537511
-0.536483
-0.535455
-0.534428
-0.5334
-0.532372
-0.531344
-0.530317
-0.529289
-0.528261
-0.527233
-0.526206
-0.525178
-0.52415
-0.523123
-0.522095
-0.521067
-0.520039
-0.519012
-0.517984
-0.516956
-0.515928
-0.514901
-0.513873
-0.512845
-0.511817
-0.51079
-0.509762
-0.508734
-0.507707
