-0.37513
-0.374102
-0.373074
-0.372046
-0.371019
-0.369991
-0.368963
-0.367936
-0.366908
-0.36588
-0.364852
-0.363825
-0.362797
-0.361769
-0.360741
-0.359714
-0.358686
-0.357658
-0.356631
-0.355603
-0.354575
-0.353547
-0.35252
-0.351492
-0.350464
-0.349436
-0.348409
-0.347381
-0.346353
-0.345325
-0.344298
-0.34327
-0.342242
-0.341215
-0.340187
-0.339159
-0.338131
-0.337104
-0.336076
-0.335048
-0.33402
-0.332993
-0.331965
-0.330937
-0.32991
-0.328882
-0.327854
-0.326826
-0.325799
-0.324771
-0.323743
-0.322715
-0.321688
-0.32066
-0.319632
-0.318605
-0.317577
-0.316549
-0.315521
-0.314494
-0.313466
-0.312438
-0.31141
-0.310383
-0.309355
-0.308327
-0.3073
-0.306272
-0.305244
-0.304216
-0.303189
-0.302161
-0.301133
-0.300105
-0.299078
-0.29805
-0.297022
-0.295995
-0.294967
-0.293939
-0.292911
-0.291884
-0.290856
-0.289828
-0.2888
-0.287773
-0.286745
-0.285717
-0.28469
-0.283662
-0.282634
-0.281606
-0.280579
-0.279551
-0.278523
-0.277495
-0.276468
-0.27544
-0.274412
-0.273385
-0.272357
-0.271329
-0.270301
-0.269274
-0.268246
-0.267218
-0.26619
-0.265163
-0.264135
-0.263107
-0.262079
-0.261052
-0.260024
-0.258996
-0.257969
-0.256941
-0.255913
-0.254885
-0.253858
-0.25283
-0.251802
-0.250774
-0.249747
-0.248719
-0.247691
-0.246664
-0.245636
-0.244608
-0.24358
-0.242553
-0.241525
-0.240497
-0.239469
-0.238442
-0.237414
-0.236386
-0.235359
-0.234331
-0.233303
-0.232275
-0.231248
-0.23022
-0.229192
-0.228164
-0.227137
-0.226109
-0.225081
-0.224054
-0.223026
-0.221998
-0.22097
-0.219943
-0.218915
-0.217887
-0.216859
-0.215832
-0.214804
-0.213776
-0.212749
-0.211721
-0.210693
-0.209665
-0.208638
-0.20761
-0.206582
-0.205554
-0.204527
-0.203499
-0.202471
-0.201444
-0.200416
-0.199388
-0.19836
-0.197333
-0.196305
-0.195277
-0.194249
-0.193222
-0.192194
-0.191166
-0.190138
-0.189111
-0.188083
-0.187055
-0.186028
-0.185
-0.183972
-0.182944
-0.181917
-0.180889
-0.179861
-0.178833
-0.177806
-0.176778
-0.17575
-0.174723
-0.173695
-0.172667
-0.171639
-0.170612
-0.169584
-0.168556
-0.167528
-0.166501
-0.165473
-0.164445
-0.163418
-0.16239
-0.161362
-0.160334
-0.159307
-0.158279
-0.157251
-0.156223
-0.155196
-0.154168
-0.15314
-0.152113
-0.151085
-0.150057
-0.149029
-0.148002
-0.146974
-0.145946
-0.144918
-0.143891
-0.142863
-0.141835
-0.140808
-0.13978
-0.138752
-0.137724
-0.136697
-0.135669
-0.134641
-0.133613
-0.132586
-0.131558
-0.13053
-0.129503
-0.128475
-0.127447
-0.126419
-0.125392
-0.124364
-0.123336
-0.122308
-0.121281
-0.120253
-0.119225
-0.118198
-0.11717
-0.116142
-0.115114
-0.114087
-0.113059
