-0.901327
-0.900299
-0.899271
-0.898243
-0.897216
-0.896188
-0.89516
-0.894132
-0.893105
-0.892077
-0.891049
-0.890022
-0.888994
-0.887966
-0.886938
-0.885911
-0.884883
-0.883855
-0.882827
-0.8818
-0.880772
-0.879744
-0.878717
-0.877689
-0.876661
-0.875633
-0.874606
-0.873578
-0.87255
-0.871522
-0.870495
-0.869467
-0.868439
-0.867412
-0.866384
-0.865356
-0.864328
-0.863301
-0.862273
-0.861245
-0.860217
-0.85919
-0.858162
-0.857134
-0.856107
-0.855079
-0.854051
-0.853023
-0.851996
-0.850968
-0.84994
-0.848912
-0.847885
-0.846857
-0.845829
-0.844802
-0.843774
-0.842746
-0.841718
-0.840691
-0.839663
-0.838635
-0.837607
-0.83658
-0.835552
-0.834524
-0.833496
-0.832469
-0.831441
-0.830413
-0.829386
-0.828358
-0.82733
-0.826302
-0.825275
-0.824247
-0.823219
-0.822191
-0.821164
-0.820136
-0.819108
-0.818081
-0.817053
-0.816025
-0.814997
-0.81397
-0.812942
-0.811914
-0.810886
-0.809859
-0.808831
-0.807803
-0.806776
-0.805748
-0.80472
-0.803692
-0.802665
-0.801637
-0.800609
-0.799581
-0.798554
-0.797526
-0.796498
-0.795471
-0.794443
-0.793415
-0.792387
-0.79136
-0.790332
-0.789304
-0.788276
-0.787249
-0.786221
-0.785193
-0.784166
-0.783138
-0.78211
-0.781082
-0.780055
-0.779027
-0.777999
-0.776971
-0.775944
-0.774916
-0.773888
-0.772861
-0.771833
-0.770805
-0.769777
-0.76875
-0.767722
-0.766694
-0.765666
-0.764639
-0.763611
-0.762583
-0.761556
-0.760528
-0.7595
-0.758472
-0.757445
-0.756417
-0.755389
-0.754361
-0.753334
-0.752306
-0.751278
-0.75025
-0.749223
-0.748195
-0.747167
-0.74614
-0.745112
-0.744084
-0.743056
-0.742029
-0.741001
-0.739973
-0.738945
-0.737918
-0.73689
-0.735862
-0.734835
-0.733807
-0.732779
-0.731751
-0.730724
-0.729696
-0.728668
-0.72764
-0.726613
-0.725585
-0.724557
-0.72353
-0.722502
-0.721474
-0.720446
-0.719419
-0.718391
-0.717363
-0.716335
-0.715308
-0.71428
-0.713252
-0.712225
-0.711197
-0.710169
-0.709141
-0.708114
-0.707086
-0.706058
-0.70503
-0.704003
-0.702975
-0.701947
-0.70092
-0.699892
-0.698864
-0.697836
-0.696809
-0.695781
-0.694753
-0.693725
-0.692698
-0.69167
-0.690642
-0.689615
-0.688587
-0.687559
-0.686531
-0.685504
-0.684476
-0.683448
-0.68242
-0.681393
-0.680365
-0.679337
-0.67831
-0.677282
-0.676254
-0.675226
-0.674199
-0.673171
-0.672143
-0.671115
-0.670088
-0.66906
-0.668032
-0.667004
-0.665977
-0.664949
-0.663921
-0.662894
-0.661866
-0.660838
-0.65981
-0.658783
-0.657755
-0.656727
-0.655699
-0.654672
-0.653644
-0.652616
-0.651589
-0.650561
-0.649533
-0.648505
-0.647478
-0.64645
-0.645422
-0.644394
-0.643367
-0.642339
-0.641311
-0.640284
-0.639256
