0.414166
0.415194
0.416221
0.417249
0.418277
0.419304
0.420332
0.42136
0.422388
0.423415
0.424443
0.425471
0.426499
0.427526
0.428554
0.429582
0.430609
0.431637
0.432665
0.433693
0.43472
0.435748
0.436776
0.437804
0.438831
0.439859
0.440887
0.441914
0.442942
0.44397
0.444998
0.446025
0.447053
0.448081
0.449109
0.450136
0.451164
0.452192
0.453219
0.454247
0.455275
0.456303
0.45733
0.458358
0.459386
0.460414
0.461441
0.462469
0.463497
0.464525
0.465552
0.46658
0.467608
0.468635
0.469663
0.470691
0.471719
0.472746
0.473774
0.474802
0.47583
0.476857
0.477885
0.478913
0.47994
0.480968
0.481996
0.483024
0.484051
0.485079
0.486107
0.487135
0.488162
0.48919
0.490218
0.491245
0.492273
0.493301
0.494329
0.495356
0.496384
0.497412
0.49844
0.499467
0.500495
0.501523
0.50255
0.503578
0.504606
0.505634
0.506661
0.507689
0.508717
0.509745
0.510772
0.5118
0.512828
0.513855
0.514883
0.515911
0.516939
0.517966
0.518994
0.520022
0.52105
0.522077
0.523105
0.524133
0.52516
0.526188
0.527216
0.528244
0.529271
0.530299
0.531327
0.532355
0.533382
0.53441
0.535438
0.536466
0.537493
0.538521
0.539549
0.540576
0.541604
0.542632
0.54366
0.544687
0.545715
0.546743
0.547771
0.548798
0.549826
0.550854
0.551881
0.552909
0.553937
0.554965
0.555992
0.55702
0.558048
0.559076
0.560103
0.561131
0.562159
0.563186
0.564214
0.565242
0.56627
0.567297
0.568325
0.569353
0.570381
0.571408
0.572436
0.573464
0.574491
0.575519
0.576547
0.577575
0.578602
0.57963
0.580658
0.581686
0.582713
0.583741
0.584769
0.585796
0.586824
0.587852
0.58888
0.589907
0.590935
0.591963
0.592991
0.594018
0.595046
0.596074
0.597101
0.598129
0.599157
0.600185
0.601212
0.60224
0.603268
0.604296
0.605323
0.606351
0.607379
0.608406
0.609434
0.610462
0.61149
0.612517
0.613545
0.614573
0.615601
0.616628
0.617656
0.618684
0.619712
0.620739
0.621767
0.622795
0.623822
0.62485
0.625878
0.626906
0.627933
0.628961
0.629989
0.631017
0.632044
0.633072
0.6341
0.635127
0.636155
0.637183
0.638211
0.639238
0.640266
0.641294
0.642322
0.643349
0.644377
0.645405
0.646432
0.64746
0.648488
0.649516
0.650543
0.651571
0.652599
0.653627
0.654654
0.655682
0.65671
0.657737
0.658765
0.659793
0.660821
0.661848
0.662876
0.663904
0.664932
0.665959
0.666987
0.668015
0.669042
0.67007
0.671098
0.672126
0.673153
0.674181
0.675209
0.676237
0.677264
0.678292
0.67932
0.680347
0.681375
0.682403
0.683431
0.684458
0.685486
0.686514
0.687542
0.688569
0.689597
0.690625
0.691652
0.69268
0.693708
0.694736
0.695763
0.696791
0.697819
0.698847
0.699874
0.700902
0.70193
0.702958
0.703985
0.705013
0.706041
0.707068
0.708096
0.709124
0.710152
0.711179
0.712207
0.713235
0.714263
0.71529
0.716318
0.717346
0.718373
0.719401
0.720429
0.721457
0.722484
0.723512
0.72454
0.725568
0.726595
0.727623
0.728651
0.729678
0.730706
0.731734
0.732762
0.733789
0.734817
0.735845
0.736873
0.7379
0.738928
0.739956
0.740983
0.742011
0.743039
0.744067
0.745094
0.746122
0.74715
0.748178
0.749205
0.750233
0.751261
0.752288
0.753316
0.754344
0.755372
0.756399
0.757427
0.758455
0.759483
0.76051
0.761538
0.762566
0.763593
0.764621
0.765649
0.766677
0.767704
0.768732
0.76976
0.770788
0.771815
0.772843
0.773871
0.774898
0.775926
0.776954
0.777982
0.779009
0.780037
0.781065
0.782093
0.78312
0.784148
0.785176
0.786204
0.787231
0.788259
0.789287
0.790314
0.791342
0.79237
0.793398
0.794425
0.795453
0.796481
0.797509
0.798536
0.799564
0.800592
0.801619
0.802647
0.803675
0.804703
0.80573
0.806758
0.807786
0.808814
0.809841
0.810869
0.811897
0.812924
0.813952
0.81498
0.816008
0.817035
0.818063
0.819091
0.820119
0.821146
0.822174
0.823202
0.824229
0.825257
0.826285
0.827313
0.82834
0.829368
0.830396
0.831424
0.832451
0.833479
0.834507
0.835534
0.836562
0.83759
0.838618
0.839645
0.840673
0.841701
0.842729
0.843756
0.844784
0.845812
0.846839
0.847867
0.848895
0.849923
0.85095
0.851978
0.853006
0.854034
0.855061
0.856089
0.857117
0.858145
0.859172
0.8602
0.861228
0.862255
0.863283
0.864311
0.865339
0.866366
0.867394
0.868422
0.86945
0.870477
0.871505
0.872533
0.87356
0.874588
0.875616
0.876644
0.877671
0.878699
0.879727
0.880755
0.881782
0.88281
0.883838
0.884865
0.885893
0.886921
0.887949
0.888976
0.890004
0.891032
0.89206
0.893087
0.894115
0.895143
0.89617
0.897198
0.898226
0.899254
0.900281
0.901309
0.902337
0.903365
0.904392
0.90542
0.906448
0.907475
0.908503
0.909531
0.910559
0.911586
0.912614
0.913642
0.91467
0.915697
0.916725
0.917753
0.91878
0.919808
0.920836
0.921864
0.922891
0.923919
0.924947
0.925975
0.927002
0.92803
0.929058
0.930085
0.931113
0.932141
0.933169
0.934196
0.935224
0.936252
0.93728
0.938307
0.939335
