-0.506679
-0.505651
-0.504623
-0.503596
-0.502568
-0.50154
-0.500512
-0.499485
-0.498457
-0.497429
-0.496402
-0.495374
-0.494346
-0.493318
-0.492291
-0.491263
-0.490235
-0.489207
-0.48818
-0.487152
-0.486124
-0.485097
-0.484069
-0.483041
-0.482013
-0.480986
-0.479958
-0.47893
-0.477902
-0.476875
-0.475847
-0.474819
-0.473792
-0.472764
-0.471736
-0.470708
-0.469681
-0.468653
-0.467625
-0.466597
-0.46557
-0.464542
-0.463514
-0.462487
-0.461459
-0.460431
-0.459403
-0.458376
-0.457348
-0.45632
-0.455292
-0.454265
-0.453237
-0.452209
-0.451182
-0.450154
-0.449126
-0.448098
-0.447071
-0.446043
-0.445015
-0.443987
-0.44296
-0.441932
-0.440904
-0.439877
-0.438849
-0.437821
-0.436793
-0.435766
-0.434738
-0.43371
-0.432682
-0.431655
-0.430627
-0.429599
-0.428571
-0.427544
-0.426516
-0.425488
-0.424461
-0.423433
-0.422405
-0.421377
-0.42035
-0.419322
-0.418294
-0.417266
-0.416239
-0.415211
-0.414183
-0.413156
-0.412128
-0.4111
-0.410072
-0.409045
-0.408017
-0.406989
-0.405961
-0.404934
-0.403906
-0.402878
-0.401851
-0.400823
-0.399795
-0.398767
-0.39774
-0.396712
-0.395684
-0.394656
-0.393629
-0.392601
-0.391573
-0.390546
-0.389518
-0.38849
-0.387462
-0.386435
-0.385407
-0.384379
-0.383351
-0.382324
-0.381296
-0.380268
-0.379241
-0.378213
-0.377185
-0.376157
