25.423
25.3163
25.2097
25.103
24.9963
24.8897
24.783
24.6763
24.5697
24.463
24.3563
24.2497
24.143
24.0363
23.9297
23.823
25.4396
25.3329
25.2263
25.1196
25.0129
24.9063
24.7996
24.6929
24.5863
24.4796
24.3729
24.2663
24.1596
24.0529
23.9463
23.8396
25.4562
25.3496
25.2429
25.1362
25.0296
24.9229
24.8162
24.7096
24.6029
24.4962
24.3896
24.2829
24.1762
24.0696
23.9629
23.8562
25.4729
25.3662
25.2595
25.1529
25.0462
24.9395
24.8329
24.7262
24.6195
24.5129
24.4062
24.2995
24.1929
24.0862
23.9795
23.8729
